m, n = 6, 6
f, h = [10.0, 11.0, 12.0, 13.0, 14.0, 15.0], [0.4, 0.4, 0.3, 0.3, 0.2, 0.2]
first_moment = [50, 30, 50, 40, 60, 50]
second_moment = [[2725.50896429, 1499.17885619, 2500.82203238, 2000.10122819,
                 3001.49560125, 2501.38532999],
                [1499.17885619,  998.84500417, 1499.26610066, 1199.10375965,
                 1799.85261345, 1499.74228755],
                [2500.82203238, 1499.26610066, 2645.03533362, 2000.02572272,
                 3001.79681715, 2501.39289835],
                [2000.10122819, 1199.10375965, 2000.02572272, 1768.60669791,
                 2400.58080932, 2000.23123307],
                [3001.49560125, 1799.85261345, 3001.79681715, 2400.58080932,
                 3892.89273562, 3002.5189556],
                [2501.38532999, 1499.74228755, 2501.39289835, 2000.23123307,
                 3002.5189556, 2697.46570158]]
graph = [[1, 1, 0, 1, 0, 1],
         [0, 1, 1, 0, 0, 0],
         [1, 1, 0, 1, 0, 1],
         [1, 0, 0, 0, 1, 1],
         [0, 0, 1, 1, 1, 0],
         [0, 0, 1, 0, 1, 0]]