m, n = 10, 10
f, h = [10.0, 11.0, 12.0, 13.0, 14.0, 15.0, 16.0, 17.0, 11.0, 10.0], [0.4, 0.4, 0.3, 0.3, 0.2, 0.2, 0.1, 0.1, 0.2, 0.1]
first_moment = [50, 30, 50, 40, 60, 50, 55, 65, 50, 50]
second_moment = [[2599.81740174, 1500.18480967, 2499.79142666, 2000.29379762, 3000.27004713, 2499.73453798, 2750.31146246, 3249.76207616, 2500.18312526, 2499.97292467],
                [1500.18480967, 1000.13371564, 1500.10794496, 1200.5933989, 1800.49781918, 1500.35974077, 1650.56223417, 1950.49765324, 1500.35595845, 1500.32897326],
                [2499.79142666, 1500.10794496, 2599.34052633, 2000.08392924, 2999.75762801, 2499.72743817, 2749.99452077, 3249.40335245, 2499.65206669, 2499.54669025],
                [2000.29379762, 1200.5933989,  2000.08392924, 1700.43803616, 2400.53480741, 2000.41513275, 2200.73633196, 2600.17857394, 2000.29476888, 2000.42473207],
                [3000.27004713, 1800.49781918, 2999.75762801, 2400.53480741, 3700.25990757, 3000.24174508, 3300.71188927, 3899.85693013, 3000.0885378,  3000.08773479],
                [2499.73453798, 1500.35974077, 2499.72743817, 2000.41513275, 3000.24174508, 2599.85396825, 2750.32386613, 3249.66080399, 2499.91162389, 2500.07735694],
                [2750.31146246, 1650.56223417, 2749.99452077, 2200.73633196, 3300.71188927, 2750.32386613, 3125.75250617, 3575.07868023, 2750.29709622, 2750.33273466],
                [3249.76207616, 1950.49765324, 3249.40335245, 2600.17857394, 3899.85693013, 3249.66080399, 3575.07868023, 4324.39664103, 3249.93631088, 3249.72128884],
                [2500.18312526, 1500.35595845, 2499.65206669, 2000.29476888, 3000.0885378, 2499.91162389, 2750.29709622, 3249.93631088, 2599.70498051, 2499.9957297],
                [2499.97292467, 1500.32897326, 2499.54669025, 2000.42473207, 3000.08773479, 2500.07735694, 2750.33273466, 3249.72128884, 2499.9957297, 2599.95929822]]
graph = [[1, 1, 0, 1, 0, 1, 1, 0, 1, 0],
         [0, 1, 1, 0, 0, 0, 1, 1, 0, 1],
         [1, 1, 0, 1, 0, 1, 1, 0, 0, 0],
         [1, 0, 0, 0, 1, 1, 0, 1, 1, 1],
         [0, 0, 1, 1, 1, 0, 1, 0, 0, 1],
         [0, 0, 1, 0, 1, 0, 0, 1, 1, 0],
         [1, 0, 1, 1, 1, 0, 0, 0, 0, 0],
         [0, 1, 1, 0, 0, 0, 1, 1, 1, 0],
         [1, 0, 0, 1, 1, 0, 0, 1, 0, 1],
         [0, 0, 1, 0, 0, 1, 1, 0, 1, 1]]